Map=cupertino.png
TopLeftLat=37.711147
TopLeftLong=-122.597528
BottomRightLat=37.196923
BottomRightLong=-121.865001
StartLat=37.323398
StartLong=-122.032500
StopLat=37.613371
StopLong=-122.487684