Map=redmond.png
TopLeftLat=47.715699
TopLeftLong=-122.851231
BottomRightLat=47.082508
BottomRightLong=-121.971490
StartLat=47.673777
StartLong=-122.121099
StopLat=47.139726
StopLong=-122.269129